15.2
23.8
13.5
21.6
18.3
24.1
14.7
16.8
22.3
13.9
11.4
19.6
23.2
12.5
20.4
24.5
13.2
22.8
17.4
12.1
10.9
19.7
23.3
15.8
21.5
12.3
24.9
18.2
16.4
22.6
25.1
26.5
14.8
13.7
20.9
23.5
18.1
22.2
12.8
15.3
13.6
21.7
24.0
19.8
17.3
12.4
25.3
22.7
14.5
20.2
23.9
16.2
13.0
18.5
15.6
19.3
12.9
22.1
14.1
25.7
15.9
21.3
13.4
18.0
17.2
22.9
14.3
19.5
12.7
15.0
24.6
13.8
20.7
23.0
17.6
21.1
16.5
18.8
22.4
12.6
15.7
24.2
25.8
14.6
19.2
13.3
20.1
17.5
23.7
18.6
16.0
12.2
14.9
24.3
22.0
16.7
15.1
23.4
12.0
13.1
19.1
14.0
17.0
25.6
20.6
18.9
21.0
14.2
15.5
12.4
24.7
16.3
22.5
13.9
23.1
14.8
18.7
12.3
20.3
25.2
17.8
21.4
15.4
22.8
13.7
16.1
18.4
23.6
24.4
12.6
20.5
14.4
19.0
16.9
22.3
13.2
21.8
15.0
24.9
17.7
23.2
12.9
15.3
19.4
20.0
25.4
14.5
18.3
12.8
22.6
21.2
17.5
15.2
13.5
24.1
12.7
23.8
20.7
18.5
19.9
22.2
17.6
12.5
14.9
24.3
21.1
16.7
15.8
22.7
13.6
14.4
19.3
23.0
18.0
12.1
15.9
21.6
24.8
22.5
16.2
13.8
20.9
17.9
14.1
23.4
12.3
18.9
15.7
19.8
21.3
24.6
16.8
13.4
22.1
14.0
20.2
18.6
23.5
15.6
14.3
12.2
21.5
20.4
17.4
22.9
13.3
19.5
15.1
24.2
12.8
23.9
18.2
14.6
21.7
19.2
15.5
20.8
22.4
17.1
13.9
12.6
16.0
25.5
21.0
23.3
12.0
20.5
16.4
19.7
14.2
17.3
22.8
15.3
13.2
12.5
24.0
18.4
23.7
14.7
20.6
15.9
22.2
17.0
21.9
19.6
16.6
14.0
18.8
20.1
22.5
12.4
19.0
16.9
15.7
13.8
17.2
21.2
14.4
12.7
24.4
18.1
23.1
15.5
19.3
21.4
16.5
22.0
13.1
17.7
12.3
23.8
19.4
16.3
15.4
13.0
21.5
18.0
12.9
22.6
14.8
20.3
13.6
17.8
23.2
16.1
21.8
15.0
12.2
19.5
13.7
22.4
15.3
18.6
24.2
12.5
20.8
13.2
16.9
14.1
23.7
12.9
21.4
19.8
25.1
10.3
17.2
20.6
15.0
12.3
23.0
18.4
14.7
13.6
22.9
16.3
12.1
25.5
15.9
20.2
9.8
19.1
13.0
22.5
15.8
18.3
24.4
12.7
20.9
14.3
16.2
13.9
23.6
12.2
21.5
17.4
25.0
10.6
20.7
14.5
19.6
13.1
15.7
24.1
18.2
12.4
22.8
15.4
23.9
16.6
19.0
13.3
12.6
14.9
24.5
20.5
15.2
18.7
21.0
13.8
12.8
22.7
17.1
23.5
15.1
19.9
14.0
20.3
12.0
16.4
22.3
25.3
11.2 
18.8
14.6
21.1
12.9
23.4
13.4
15.6
19.4
22.6
20.0
14.7
12.3
16.8
24.0
13.5
20.1
18.5
15.5
23.8
12.2
19.3
13.9
14.8
17.5
24.3
12.1
20.4
16.1
25.4
21.7
15.0
13.7
18.9
12.7
22.0
19.2
14.5
16.6
24.2
13.3
20.6
18.1
15.8
21.9
12.4
19.7
13.0
23.2
14.1
17.6
25.0
15.4
12.6
22.9
20.8
14.9
18.0
19.5
13.2
15.9
21.3
23.1
12.5
16.0
19.8
20.2
14.4
24.6
17.3
13.1
21.5
12.9
15.6
18.2
22.7
19.1
13.5
20.0
14.2
24.8
17.7
12.8
21.0
16.5
19.6
23.3
14.3
18.3
22.1
12.6
15.7
20.9
19.2
16.4
13.8
23.5
14.6
18.0
25.2
15.3
21.6
17.8
12.4
14.9
19.4
22.4
20.3
13.7
16.1
23.0
18.9
15.1
21.8
12.7
20.7
16.2
13.4
19.5
23.6
14.0
15.8
17.9
12.3
20.1
24.7
13.2
18.4
21.4
12.6
15.0
14.8
23.9
17.2
19.3
16.7
13.9
27.5
22.2
14.5
15.4
19.7
12.8
20.5
18.6
13.1
16.9
22.8
14.1
17.4
12.2
23.4
20.9
15.2
19.1
12.5
16.0
21.2
18.0
14.3
15.6
24.0
12.9
19.8
14.4
13.6
23.3
20.4
17.0
12.7
15.5
21.7
13.3
18.7
24.5
20.2
14.6
19.9
12.1
21.1
13.7
15.8
18.5
16.3
25.0
22.3
19.0
12.4
23.2
20.6
15.1
13.8
19.6
21.4
12.9
24.1
17.5
13.5
22.5
18.8
15.7
18.5
23.1
14.7
19.4
13.2
22.8
15.6
20.0
24.3
16.9
21.5
12.4
25.0
10.8
19.8
14.3
12.7
22.2
17.3
21.9
15.4
13.0
23.7
18.4
14.1
20.6
16.2
12.3
24.5
13.8
19.1
15.0
23.3
17.6
10.2
21.2
12.5
18.0
24.1
14.6
15.7
20.8
12.1
23.5
19.3
16.4
13.9
21.0
25.3
14.5
18.9
22.1
15.8
20.2
12.6
24.8
16.7
21.7
19.0
13.5
12.0
23.9
17.5
20.3
14.2
22.4
15.9
19.7
18.6
13.1
21.4
16.0
12.8
24.0
14.9
19.2
22.5
17.1
13.6
25.9
20.4
15.5
18.2
12.2
23.8
19.6
14.4
20.1
13.3
24.7
16.5
21.6
15.1
12.9
17.9
20.5
18.7
14.0
23.2
12.7
19.5
22.9
13.8
15.2
17.4
20.9
25.4
13.7
21.3
18.3
14.6
16.8
12.3
24.6
19.0
15.3
22.7
13.4
21.8
14.5
20.7
16.1
19.9
17.8
12.4
22.3
14.9
25.1
20.6
13.2
18.5
16.3
19.8
21.1
12.6
14.7
23.4
17.0
20.2
12.8
15.6
19.4
21.9
13.9
18.0
22.6
15.4
24.2
13.5
19.3
16.9
20.1
14.8
23.1
18.2
12.1
21.0
15.0
19.7
24.4
16.7
13.6
20.5
14.3
22.0
18.4
12.5
21.5
13.7
15.9
23.6
20.0
16.2
19.9
14.1
18.3
21.6
15.8
12.9
20.8
24.1
13.3
19.0
17.5
22.8
16.4
12.2
23.9
20.7
14.6
21.3
18.1
19.6
12.0
14.5
23.2
13.0
22.5
15.7
18.6
17.2
14.4
21.2
13.1
20.4
16.8
19.5
24.7
15.5
18.8
12.3
21.1
14.2
20.9
17.4
16.3
13.2
23.7
14.8
20.6
15.1
22.9
17.6
19.2
13.5
24.3
12.4
21.7
20.5
14.9
18.3
15.6
23.0
19.1
13.4
21.8
15.3
17.1
20.4
22.6
12.7
16.5
14.0
24.5
19.7
15.2
13.9
20.0
22.1
12.6
18.9
21.4
13.8
23.4
20.8
16.1
12.2
19.4
15.0
21.9
14.3
22.4
16.7
19.0
12.8
13.7
20.2
15.5
24.1
14.4
22.3
13.3
16.6
21.5
19.3
17.8
20.1
15.9
12.0
13.9
24.0
18.4
21.6
14.2
19.5
22.2
13.6
15.4
18.1
23.8
17.3
14.7
21.0
12.5
16.2
19.6
14.1
18.2
13.5
22.7
20.9
12.9
23.3
14.0
15.8
19.8
21.2
18.0
13.4
16.3
20.7
12.1
17.9
15.1
23.9
12.4
19.9
17.7
21.3
16.0
14.9
24.6
18.9
22.1
15.5
20.3
13.8
21.7
12.3
19.2
16.9
23.6
14.3
18.6
13.2
20.5
19.4
12.7
15.9
23.5
13.1
21.1
14.8
19.0
12.2
16.4
21.4
13.7
24.8
15.6
20.0
14.5
22.8
18.3
13.9
15.3
20.1
16.8
21.8
12.9
17.5
19.6
14.4
13.6
23.1
18.5
15.4
12.6
20.4
17.1
14.0
22.3
19.8
13.5
18.9
15.7
21.9
12.8
17.0
20.7
13.2
18.4
15.8
23.7
19.3
16.7
12.1
21.6
13.4
20.2
18.0
14.1
21.7
12.3
19.2
16.9
23.6
14.3
18.6
13.2
20.5
19.4
12.7
15.9
23.5
13.1
21.1
14.8
19.0
12.2
16.4
21.4
13.7
24.8
15.2
13.9
20.0
22.1
12.6
18.9
21.4
13.8
23.4
20.8
16.1
12.2
19.4
15.7