0.206
-0.298
0.17
0.453
0.642
0.62
0.246
-0.03
-0.634
-0.962
-1
-0.415
-0.052
0.405
-0.708
-0.313
-0.264
0.434
0.396
0.294
0.574
0.725
-0.368
0.881
0.2
0.449
-0.943
0.437
0.709
0.579
0.778
-0.1
-0.292
-0.684
-0.638
0.827
0.998
0.877
0.9
1
-0.675
-0.291
0.485
0.35
-0.522
0.709
0.493
-0.927
0.596
-0.323
0.425
0.058
0.071
0.851
0.91
1
0.883
0.806
0.444
0.157
-0.312
-1
-0.947
-0.193
0.796
0.698
0.481
0.875
0.745
1
0.631
0.218
0.66
-0.801
-0.153
-0.367
0.422
-0.836
-0.128
-0.63
-0.908
-0.085
-0.638
-0.038
-0.205
-0.869
-0.619
-0.959
-0.923
-0.287
0.314
-0.251
0.468
0.322
-0.805
0.644
0.189
0.941
0.608
0.559
-0.794
0.205
0.028
0.465
0.001
0.987
-0.672
-0.717
0.501
-0.7
0.597
0.185
-0.502
0.156
0.243
0.806
1
0.179
0.253
0.364
-0.842
-0.992
-0.209
0.657
-0.912
-0.585
0.246
0.208
0.137
0.047
-0.996
0.927
-0.749
-0.628
-0.338
-0.458
-0.896
-0.685
0.758
0.076
0.479
-0.777
-0.143
-0.972
0.241
0.71
-0.745
-0.767
-0.077
0.343
0.965
1.435
-0.885
0.997
0.173
-0.939
-0.398
0.287
0.345
-0.643
0.255
-0.192
-0.528
0.914
0.17
0.627
0.507
-0.436
-0.284
-0.256
-0.157
0.246
-0.751
-0.872
-0.497
0.765
-0.753
-0.946
-0.345
0.288
0.611
0.076
0.504
-0.672
-0.47
-0.462
0.025
0.534
-0.942
0.097
0.937
-0.951
0.356
-0.521
0.488
0.295
0.306
-0.556
0.991
0.854
-0.937
0.469
0.136
0.983
-0.684
-0.162
-0.351
-0.443
-0.316
0.536
-0.628
0.811
-0.746
0.698
-0.556
-0.012
-0.546
0.034
0.244
-0.803
0.141
0.612
-0.896
0.381
0.078
0.834
0.072
-0.099
-0.267
0.445
0.126
0.728
0.308
0.946
-0.794
-0.884
0.193
-0.332
-0.446
-0.446
-0.145
-0.474
-0.567
-0.116
-0.819
0.078
0.779
0.816
-0.184
-0.906
-0.829
0.521
0.198
-0.093
0.856
0.089
0.663
0.265
0.803
-0.101
-0.206
0.752
-0.315
-0.407
-0.156
-0.306
-0.614
-0.871
0.605
0.748
0.843
0.081
-0.999
-0.48
-0.362
-0.203
0.655
0.844
-0.356
-0.456
0.785
-0.491
-0.98
-0.601
-0.471
0.907
-0.58
0.367
0.092
-0.096
0.452
-0.211
0.843
0.362
0.088
-0.295
0.308
-0.466
-0.333
0.842
0.53
0.783
0.337
0.705
0.903
0.485
0.074
-0.004
0.222
0.718
0.745
0.042
-0.695
-0.86
0.252
-0.076
-0.608
0.601
0.576
0.772
-0.416
-0.989
-0.304
-0.07
0.197
-0.038
0.591
-0.164
-0.948
-0.722
-0.286
-0.499
0.7
-0.511
0.176
0.237
0.618
-0.411
0.004
0.853
0.099
-0.993
0.47
0.667
-0.447
-0.373
-0.365
0.419
-0.347
-0.931
0.233
0.531
0.552
-0.48
-0.952
0.62
0.284
-0.963
0.421
-0.124
-0.704
-0.624
0.996
0.683
-0.039
0.965
0.786
0.714
0.621
0.588
0.606
0.171
-0.163
0.229
0.256
-0.338
-0.493
-0.681
-0.417
0.29
0.671
0.044
-0.972
0.744
-0.185
-0.751
-0.619
-0.883
0.827
0.399
-0.785
-0.9
-0.067
0.174
-0.739
-0.957
0.794
0.011
0.341
-0.324
-0.567
-0.303
0.614
0.509
-0.88
0.081
-1.0
0.221
0.438
0.82
-0.263
0.637
-0.695
0.066
-0.603
-0.588
0.276
-0.292
0.145
0.262
0.868
0.497
-0.322
0.969
-1.0
0.566
-0.051
0.159
0.624
-0.267
-0.629
-0.866
0.964
-0.205
0.295
1.3
-0.358
-0.356
-0.299
0.173
-0.255
-0.409
0.021
-0.907
0.048
-0.093
0.261
0.143
0.829
-0.537
-0.507
-0.43
-0.372
-0.364
1.0
-0.533
-0.862
-0.133
-0.024
0.305
-0.131
0.631
0.063
0.828
0.695
0.591
0.842
-0.227
-0.418
-0.193
-0.981
0.628
-0.905
0.547
-0.735
-0.802
-0.343
0.38
0.694
0.305
-0.717
-0.896
-0.226
-0.381
-0.173
-0.505
0.345
0.118
-0.289
0.53
0.788
-0.098
0.397
0.357
-0.554
0.797
-0.575
0.564
-0.648
0.512
0.07
0.834
0.83
-0.349
0.769
0.112
-0.299
-0.339
-0.552
-0.714
0.728
-0.446
-0.656
0.657
-0.716
0.482
-0.412
-0.582
-0.474
0.425
-0.045
0.186
0.933
0.365
0.288
-0.348
-0.695
-0.579
0.472
-1.888
-0.707
0.469
0.851
0.024
0.274
-0.83
-0.059
-0.228
-0.013
0.024
0.332
1.776
0.083
-0.58
0.441
0.437
-0.17
-0.539
-0.373
-0.529
0.958
0.341
-0.849
-0.74
0.629
0.427
-0.369
-0.555
0.633
0.457
-0.677
0.956
-0.124
0.993
-0.757
0.849
-0.05
0.885
0.569
0.723
0.225
0.346
0.909
0.075
-0.829
0.993
-0.05
0.261
0.726
-0.948
0.659
-0.395
0.352
-0.007
0.755
0.671
-0.887
0.472
0.288
0.025
-0.347
0.584
0.851
-0.391
-0.055
0.181
-0.698
0.742
-0.538
-0.217
-0.817
-0.549
0.587
-0.922
0.053
-0.702
-0.328
0.532
-0.703
-0.339
-0.84
0.687
0.3
0.158
-0.804
-0.123
0.621
0.654
-0.907
0.542
-0.926
-0.494
-0.72
-0.845
-0.947
-0.665
0.267
0.529
0.955
0.172
0.211
-0.224
0.077
-0.138
0.146
-0.485
0.706
0.098
0.319
-0.742
-0.17
-0.413
0.79
-0.436
-0.166
-0.083
-0.063
0.549
-0.463
-0.953
-0.372
0.674
-0.895
0.494
0.732
-0.521
-0.112
0.95
-0.957
0.866
-0.45
0.927
0.652
0.145
0.213
0.858
0.296
1.805
-0.775
0.405
-0.955
0.471
0.577
-0.747
0.778
-0.672
0.816
0.205
-0.166
-0.29
-0.517
0.333
-0.378
-0.864
-0.287
0.862
0.429
0.763
0.141
0.978
-0.056
-0.474
0.361
0.99
-0.56
0.657
0.025
-0.687
-0.455
0.246
0.035
-0.155
-0.754
-0.023
0.784
0.064
-0.275
-0.901
-0.338
0.637
0.855
-0.067
0.465
0.218
0.906
0.724
-0.344
-0.224
-0.725
-0.008
-0.808
0.31
0.81
-0.812
-0.417
0.825
-0.973
0.097
-0.316
-0.653
0.593
-0.074
0.219
0.283
-0.476
-0.244
-0.678
0.95
0.933
-0.424
0.435
-0.7
0.668
-0.14
-0.998
-0.998
0.182
-0.682
0.148
0.816
-0.681
0.636
-1.171
-0.102
0.386
-0.583
0.725
0.3
-1.444
0.725
-0.526
-0.813
0.688
0.225
0.066
-0.45
-0.74
0.148
0.683
-0.313
-0.051
-0.331
0.108
0.145
-0.88
-0.348
0.48
-0.338
-0.686
0.528
0.988
0.648
-0.629
-0.903
0.934
-0.412
-0.534
0.232
-0.934
-0.025
0.95
0.234
0.05
-0.663
0.53
-0.694
0.793
-0.873
-0.243
-0.273
1.182
-0.6
-0.281
0.062
-0.319
-0.833
0.34
-0.953
0.015
-0.936
-0.482
0.921
-0.616
0.127
0.812
-0.053
-0.345
0.544
-0.646
0.61
-0.648
-0.041
-0.325
0.93
-0.901
-0.756
0.084
-0.148
-0.634
0.577
0.605
0.477
-0.018
0.353
0.19
-0.24
-0.512
0.274
0.392
0.181
0.959
0.879
0.975
-0.748
0.161
0.81
0.95
0.162
-0.407
-0.899
-0.728
0.679
0.68
-0.283
0.204
0.252
-0.924
-0.659
-0.277
-0.271
-0.642
0.427
0.289
0.05
0.172
0.606
-0.004
0.66
0.565
-0.854
0.808
-0.593
-0.35
0.446
0.322
0.89
0.766
0.444
0.652
0.532
-0.858
0.989
0.366
-0.806
0.059
0.511
-0.916
-0.759
-0.798
-0.003
-0.076
0.106
0.099
-0.686
-0.068
0.063
0.926
-0.94
-0.007
0.9
-0.072
0.285
0.727
0.042
0.776
0.895
-0.858
0.387
0.535
-0.323
-0.816
0.015
-0.937
0.767
-0.974
0.947
-1.138
0.678
0.295
0.225
-0.909
0.64
-0.656
0.184
0.411
-0.543
0.021
-0.484
-0.137
0.802
-0.684
-0.95
0.272
0.875
0.455
0.637
-0.074
-0.659
-0.611
-0.242
-0.771
0.222
-0.073
0.062
-0.994
-0.269
0.102
0.938
-0.86
0.827
-0.815
0.268
-0.795
-0.272
-0.727
0.462
0.32
-0.494
0.631
-0.508
0.687
-0.947
-0.664
-0.422
-0.927
-0.188
-0.747
-0.933
-0.682
-0.342
0.854
0.399
0.652
-0.453
0.181
-0.534
-0.341
-0.972
-0.524
-0.661
-0.629
0.724
0.601
0.4
0.387
-0.428
-0.724
0.501
-0.383
-0.527
0.548
-0.971
-0.168
-0.389
-0.414
0.957
-1.138
0.843
0.231
-0.385