-130.2
140.8
-145.5
150.0
-120.3
115.7
-135.2
130.0
-150.0
-105.2
145.8
-140.7
135.3
150.0
-120.2
142.0
130.5
-135.6
125.8
-148.0
150.0
-150
140.0
150.0
-140.3
135.2
120.0
-125.5
143.7
-130.4
-150
135.5
142.3
-145.2
150.0
-122.8
125.5
139.0
-110.3
130.0
-150.0
140.3
125.8
-145.7
149.8
120.3
-138.5
135.2
130.0
-150.0
-150
140.8
135.7
150.0
-130.4
125.2
145.5
-150.0
135.3
120.0
-145.2
130.5
150.0
125.0
-110.8
142.3
130.8
-135.5
115.8
-145.3
135.0
150.0
140.5
-130.7
125.8
-145.2
135.0
-100.0
142.8
130.5
150.0
-125.8
145.3
-132.5
140.7
125.0
-110.2
135.8
130.0
-120.5
140.8
130.2
-150.0
145.7
125.8
-138.2
150.0
-100.3
130.2
140.8
-150.0
135.5
150.0
-125.2
145.3
135.8
-130.4
115.0
-150.0
140.3
125.2
-145.7
135.8
120.0
-138.5
130.3
-150.0
135.7
140.2
-120.8
150.0
-115.7
142.5
130.0
-145.8
125.2
140.3
-138.5
145.0
130.8
-125.8
150.0
142.8
-150.5
135.7
120.3
-145.2
135.0
-170.8
140.3
125.8
-145.0
135.5
130.0
150.0
-120.8
145.2
130.7
140.0
-125.5
145.8
130.0
-135.7
125.8
145.0
120.3
-140.5
135.7
-100.0
130.8
-150.0
140.3
125.2
145.0
-135.5
150.0
130.8
-125.0
140.3
120.7
145.2
-150.0
130.0
140.8
-145.2
135.5
150.0
-122.8
140.3
130.7
-125.2
150.0
135.8
-150.0
140.3
130.0
125.5
-120.2
145.8
135.7
-130.3
125.8
140.3
120.0
-140.8
145.0
135.2
-130.3
150.0
142.8
125.8
-150.0
130.0
140.3
135.7
-145.2
125.8
140.3
130.5
-140.0
125.8
150.0
-125.2
145.8
135.0
-160.0
140.3
130.0
125.8
150.0
140.3
-110.2
125.7
150.0
130.8
140.3
-125.8
145.7
130.2
-140.3
125.0
145.5
130.8
-150.0
140.3
130.2
145.7
-130.0
140.3
150.0
-125.8
135.0
125.2
-150.0
140.3
130.7
145.0
-115.3
150.0
135.8
125.2
140.3
-100.3
135.8
125.7
150.0
140.3
130.0
-145.7
125.3
135.0
140.8
125.2
-150.0
130.0
145.8
135.0
-130.5
150.0
125.2
140.3
130.7
-120.0
150.0
125.4
-145.2
140.3
-120.0
115.7
-135.4
130.8
125.0
-150.0
137.5
-128.3
110.2
149.0
-118.7
125.3
-132.0
128.6
146.2
-140.1
120.0
-115.8
142.9
135.5
-127.8
150.0
-138.5
120.2
149.8
-144.3
125.1
110.5
-130.2
138.0
-147.8
115.4
142.3
-118.2
150.0
-140.7
145.2
125.7
-148.2
130.6
140.9
-115.0
120.3
-130.5
149.5
132.7
-122.4
140.5
135.0
-150.0
125.8
149.2
-147.0
115.1
130.3
-135.8
122.5
-149.0
130.0
-125.0
138.5
143.0
115.8
140.3
-135.0
120.0
149.7
-145.3
125.2
-120.8
130.5
148.0
-127.5
110.3
-140.2
130.1
145.0
-128.3
125.9
135.2
-138.8
150.0
115.4
149.3
120.0
-145.8
140.4
125.2
-130.0
135.9
-118.4
150.0
-140.5
142.0
110.3
125.4
-120.2
140.6
115.2
-147.5
128.4
135.0
120.3
149.8
-125.7
140.1
130.4
-130.8
120.5
150.0
-135.2
142.5
125.8
-128.0
140.3
115.7
-150.0
130.1
142.7
-125.8
135.4
149.9
-118.0
145.0
122.6
-140.9
115.3
-128.8
150.0
130.5
-140.4
120.8
148.0
-125.1
130.9
140.6
-150.0
120.2
135.8
149.0
122.3
-145.0
125.8
138.5
-130.1
125.0
140.7
130.3
149.5
-148.8
125.1
-120.5
135.4
150.0
140.9
-125.2
130.0
145.8
125.5
140.6
-130.9
149.3
125.0
-120.7
130.2
138.9
-127.4
110.0
-140.3
125.3
135.2
150.0
125.8
140.1
-145.5
130.7
122.8
-130.3
138.5
145.2
125.0
130.8
-150.0
142.3
115.4
-128.0
140.5
125.3
-135.9
149.0
132.5
125.7
150.0
-118.3
140.1
120.5
-130.2
125.8
142.5
-147.5
150.0
-125.0
130.6
135.3
-148.0
125.2
120.4
-130.0
140.7
135.8
150.0
130.1
125.4
-140.3
120.5
135.0
150.0
122.0
-125.8
135.4
145.3
-118.2
125.8
150.0
130.6
140.5
-120.3
115.4
140.8
125.2
-130.0
138.7
125.0
-145.2
140.6
130.1
135.7
-140.2
125.6
138.4
-130.1
142.8
120.2
-145.0
130.5
125.3
149.2
-127.0
115.8
-135.4
130.0
125.9
140.7
-125.8
142.0
118.5
-150.0
120.0
135.4
-128.2
145.6
130.8
-140.5
120.6
125.2
138.0
-180.3
130.3
-125.0
115.7
148.2
120.3
-145.7
130.1
125.5
140.6
-132.4
120.2
125.8
-130.5
140.9
118.7
-125.9
145.2
130.6
-115.3
120.7
125.0
-170.0
130.8
115.4
-135.2
149.0
120.6
-145.3
140.5
122.4
-128.7
135.0
130.2
145.8
-120.8
138.9
125.3
-135.0
140.1
118.6
-125.4
130.4
150.0
-148.3
120.7
125.1
-140.6
135.8
128.5
-127.9
145.2
130.0
-115.0
138.7
125.4
140.3
-150.0
120.5
142.9
-135.6
130.8
125.9
-127.8
140.6
115.4
-148.5
130.2
120.0
-125.1
145.7
118.5
-135.2
130.0
125.8
140.7
-125.4
145.5
122.3
-130.6
138.0
125.1
150.0
-160.8
130.6
125.3
138.2
-115.2
140.9
125.0
-127.7
150.0
120.5
-130.3
135.4
125.2
142.3
118.7
-145.2
130.4
125.8
140.5
-125.0
145.0
130.9
-140.7
120.8
115.4
-127.6
140.3
125.6
-130.2
145.9
120.7
-138.0
130.5
125.3
-115.5
142.0
120.0
-145.9
138.7
125.4
130.1
-125.3
145.6
120.8
-128.4
130.7
125.2
140.0
-135.4
118.6
142.4
125.9
-150.0
130.2
115.5
-140.8
130.0
122.4
-125.6
145.3
130.6
-120.2
138.9
125.0
142.7
-130.9
120.5
140.6
-127.8
125.2
135.8
-145.4
130.8
125.7
-118.6
140.2
130.0
145.5
-125.3
120.8
142.8
-150.0
130.1
115.4
-125.7
138.4
120.3
-135.9
145.8
122.5
-125.6
130.5
125.0
138.9
-118.7
142.5
125.2
-130.8
145.7
120.9
-140.1
130.6
125.8
138.3
-125.0
142.3
120.5
-127.5
145.0
130.7
118.4
-125.3
135.9
120.0
-145.6
138.2
125.6
130.3
-140.5
120.8
142.9
-125.2
130.9
115.4
-135.7
138.5
120.6
-160.0
130.1
145.3
-120.0
125.7
138.0
-115.5
140.4
125.2
-130.0
145.8
130.6
120.3
-125.4
135.2
138.6
-140.9
125.0
120.8
-135.3
142.7
130.5
-128.2
115.6
140.2
125.8
-145.1
130.3
138.0
-125.6
120.1
145.5
130.0
-140.7
125.9
118.2
-125.3
140.6
130.7
-150.0
125.2
142.3
120.9
-127.6
138.4
125.0
-135.2
130.5
140.1
-120.6
138.7
125.8
-130.4
140.0
120.5
135.7
-125.2
138.6
115.4
-130.3
140.9
122.0
-145.0
130.8
115.7
-120.3
135.9
130.0
145.6
-125.5
120.4
138.8
-127.9
130.2
140.7
125.3
-128.6
135.4
118.7
-125.8
145.3
130.1
-140.0
125.5
120.9
138.5
-115.4
142.3
125.2
-135.7
130.8
120.6
145.0
-125.2
140.5
115.8
-130.6
142.9
125.4
118.6
-140.1
138.3
120.8
-145.5
130.2
125.7
140.9
-125.8
135.3
120.0
-127.3
140.6
130.5
125.2
-135.8
140.0
120.4
-125.7
130.8
142.5
-145.2
120.3
130.9
-125.0
140.1
115.8
-130.6
138.7
125.2
-145.9
130.1
115.4
-125.3
140.5
125.8
118.7
-128.5
135.6
130.0
140.7
-125.8
130.3
125.0
-140.4
142.9
120.5
125.8
-130.1
140.3
115.7
-145.8
130.4
122.3
-125.5
138.2
120.6
130.0
-150.0
125.4
145.6
120.8
-140.3
130.9
125.2
-127.4
138.7
120.1
135.9
-125.8
130.5
140.6
120.3
125.0
-145.3
-138.5
135.2
130.0
-150.0
-170.2
140.8
135.7
150.0
-130.4
125.2
145.5
-150.0
135.3
120.0
-145.2
130.5
150.0
125.0
-110.8
142.3
130.8
-135.5
115.8
-145.3
-130.4
115.0
-150.0
140.3
125.2
-145.7
135.8
120.0
-138.5
130.3
-150.0
135.7
140.2
-120.8
150.0
-115.7
142.5
130.0
-145.8
125.2
140.3
-138.5
145.0
130.8
-125.8
150.0
142.8
-150.5
135.7
120.3
-145.2
135.0
-170.8
140.3
125.8
-145.0
135.5
130.0
150.0
-120.8
145.2
130.7
140.0
-125.5
145.8
130.0
-135.7
125.8
145.0