85.3
400.1
123.8
250.0
475.5
92.7
355.3
150.8
490.0
61.2
505.6
420.3
150.2
275.6
300.0
55.4
98.6
275.5
450.9
380.2
510.8
125.4
65.2
340.6
190.1
215.3
285.7
425.1
120.4
95.8
480.3
375.9
52.6
510.2
340.4
410.7
490.8
85.1
305.3
99.5
450.6
275.2
470.0
520.1
135.7
65.3
95.2
425.4
300.9
270.8
58.3
490.6
200.1
105.7
345.9
455.0
85.2
72.1
470.8
500.0
89.4
365.5
1025.3
80.2
110.6
450.2
360.7
215.9
145.8
95.3
455.6
375.0
125.7
510.5
420.8
380.5
495.2
58.1
470.9
160.7
425.3
66.2
85.8
400.7
130.4
500.3
530.0
490.2
380.9
55.0
120.3
445.1
295.6
1015.4
72.3
350.9
420.0
90.8
110.5
370.6
495.0
98.3
180.2
60.5
450.9
390.4
490.3
470.8
88.6
135.1
510.9
400.2
105.0
58.6
315.7
470.3
250.5
425.6
89.7
370.1
65.5
480.4
95.9
420.7
280.6
510.0
95.2
180.5
130.9
470.8
155.6
285.4
390.2
52.8
480.0
160.1
495.6
420.5
75.3
82.1
250.3
58.9
445.2
480.7
525.4
305.9
470.0
115.3
150.2
395.8
425.0
66.1
275.3
1010.6
95.4
480.1
315.0
145.7
385.9
510.4
420.1
250.5
490.8
68.4
475.3
115.2
135.0
85.6
400.9
290.7
78.2
495.1
62.7
275.4
420.6
200.9
57.5
515.2
150.8
490.5
105.9
350.8
110.6
85.1
470.7
295.3
135.9
445.0
395.7
72.8
105.4
505.0
130.7
92.1
410.5
55.3
88.9
300.1
405.7
98.6
470.4
80.2
125.8
150.0
365.4
450.3
1000.2
75.5
320.3
60.6
450.9
500.1
240.8
315.4
52.9
490.2
140.3
105.6
450.0
380.1
465.7
88.2
98.4
470.8
110.2
55.1
480.3
390.5
305.8
95.7
100.3
405.0
130.2
470.9
115.4
75.0
450.4
385.8
525.1
85.7
310.2
105.3
400.8
68.5
495.5
72.3
115.2
250.4
130.9
470.7
305.4
85.0
62.1
415.2
520.3
410.1
495.8
58.4
105.9
300.0
485.7
120.3
68.6
445.8
130.0
500.4
510.2
85.6
120.4
470.3
62.7
450.9
98.5
280.1
420.5
370.7
130.2
510.3 
145.9
490.2
115.3
105.8
390.7
310.5
80.2
445.6
120.9
500.1
475.0
95.4
305.8
420.3
510.9
365.6
58.2
110.7
490.8
150.1
370.4
455.2
98.3
120.5
485.3
75.8
400.2
495.7
350.5
95.0
58.6
1010.5
88.1
445.1
520.6
130.9
490.3
305.7
90.4
460.1
72.8
150.6
400.9
485.8
125.3
75.9
470.4
130.8
385.2
92.0
450.7
55.4
480.0
140.3
520.2
85.2
470.5
65.3
375.8
98.4
405.3
95.1
115.8
490.9
1025.2
415.6
110.2
365.8
92.7
495.3
450.4
135.1
78.4
400.8
105.5
285.2
510.7
420.9
150.5
85.9
495.1
66.7
380.0
108.4
470.8
130.7
125.9
55.7
490.0
475.4
100.6
300.8
450.5
110.3
125.7
490.7
90.8
60.9
515.0
105.4
120.8
410.1
380.4
68.5
470.6
98.0
445.3
355.9
100.7
130.0
490.6
82.3
425.5
58.9
140.1
495.2
120.4
510.8
90.2
150.4
400.5
135.6
92.3
1000.7
115.9
75.6
425.0
490.1
82.4
365.3
470.9
110.8
150.0
455.7
98.2
500.2
375.1
520.5
110.9
115.1
90.5
480.9
130.5
460.3
95.6
78.1
450.8
510.0
135.4
400.1
95.3
365.0
110.4
420.6
490.4
125.1
480.5
300.7
85.1
470.2
60.3
140.5
490.8
98.7
105.2
500.0
375.3
470.7
120.0
510.1
110.5
85.8
140.7
485.1
66.4
450.6
130.3
370.1
495.9
95.2
78.6
515.3
130.8
85.7
390.5
115.4
1010.8
88.2
470.1
110.6
75.2
490.5
135.2
400.7
68.1
105.7
445.4
92.6
370.8
510.4
125.6
115.0
460.2
82.8
90.3
490.0
365.5
105.6
420.8
510.6
125.9
78.5
455.0
130.4
400.6
98.9
470.3
95.5
68.3
480.8
125.0
82.7
450.9
120.3
510.5
135.3
95.7
470.0
90.1
405.5
130.6
98.8
495.4
360.1
88.7
490.9
150.7
110.1
500.4
520.3
110.0
140.2
450.3
90.6
78.9
1005.1
72.6
115.2
450.1
130.7
365.1
95.8
490.2
400.4
125.4
55.8
470.6
78.2
102.3
490.5
120.7
470.2
85.0
140.8
95.2
120.8
460.3
75.7
410.6
102.9
295.0
485.7
125.4
365.2
470.5
110.1
510.0
88.7
495.3
130.6
90.2
480.9
78.3
470.4
115.5
305.6
455.8
85.4
480.1
68.5
100.9
490.7
355.1
125.8
520.6
135.9
405.7
65.8
480.2
140.0
75.3
490.6
98.1
105.0
445.7
420.1
85.5
510.4
300.5
100.7
135.0
460.8
120.3
495.2
82.6
480.8
105.6
140.2
68.4
450.6
75.1
510.7
90.8
135.7
495.1
125.6
400.4
490.9
105.3
82.9
300.2
110.5
365.7
470.0
88.5
120.9
510.1
130.4
85.0
450.3
95.1
405.2
490.4
100.8
105.4
120.7
490.8
72.3
455.0
115.6
130.3
520.4
90.4
450.1
98.5
365.4
485.9
100.1
490.5
68.7
400.3
78.1
110.8
475.6
125.2
510.8
405.6
92.4
300.9
480.6
78.5
140.3
490.0
85.7
75.6
455.5
98.0
510.9
105.8
365.1
420.2
78.4
490.2
95.6
130.1
480.0
105.2
68.9
520.0
110.3
400.1
130.9
95.5
480.4
125.3
110.0
455.2
82.5
490.1
78.2
475.3
115.8
100.3
450.7
85.2
510.3
72.6
130.8
105.1
490.3
98.7
85.9
420.5
75.0
495.7
120.6
105.9
470.9
95.3
510.6
140.5
400.6
120.5
78.8
485.5
82.7
500.1
110.7
490.4
140.6
72.5
520.5
95.0
470.7
105.5
78.9
455.4
110.2
85.8
510.5
490.0
130.5
75.8
400.8
98.2
475.1
100.6
115.0
490.8
105.7
450.0
68.2
490.3
120.4
365.9
520.8
125.1
460.2
95.9
480.3
72.4
500.6
125.9
400.5
115.4
130.7
490.7
95.2
105.8
450.9
510.2
82.3
100.5
405.1
90.6
140.1
495.6
130.2
120.0
75.5
460.6
82.4
500.0
140.8
470.1
510.3
115.7
490.6
98.3
105.4
360.0
85.1
110.9
450.2
78.7
500.2
365.6
520.1
105.0
98.9
470.8
72.9
450.5
85.3
140.0
495.4
115.2
78.6
490.5
130.0
500.7
68.6
485.3
105.6
365.8
510.8
110.5
140.7
405.0
95.7
470.6
125.0
78.0
490.9
135.3
100.1
450.8
510.1
490.2
115.9
72.7
140.4
78.2
365.3
475.2
125.5
100.0
400.2
85.6
510.9
130.6
490.3
105.3
68.1
500.5
98.4
475.0
115.1
120.1
450.4
78.3
510.0
140.9
85.4
490.1
130.4
400.7
365.2
450.6
520.7
105.5
110.8
495.8
490.0
125.2
460.5
85.7
500.8
105.6
82.0
510.2
125.4
85.3
470.5
110.8
495.2
130.6
78.7
450.4
102.5
120.0
480.6
95.8
365.1
510.4
100.9
75.6
460.2
110.1
490.3
125.7
85.0
400.8
95.4
450.9
115.6
500.1
130.2
78.5
495.7
140.5
85.7
100.4
500.3
470.1
365.5
510.0
78.2
110.4
490.9
120.8
130.9
470.8
115.3
100.7
495.1
85.6
365.8
510.6
400.5
130.1
78.1
480.3
120.9
105.5
450.6
490.0
95.9
500.7
140.3
78.4
460.8
125.4
510.2
365.0
400.2
115.2
490.8
85.1
102.8
130.5
460.4
78.6
500.0
490.2
105.9
510.5
120.4
450.3
110.7
365.6
490.1
125.3
100.3
480.4
78.9
500.9
140.2
85.5
470.2
125.8
510.8
450.0
78.3
110.6
490.6
365.7
120.5
490.4
98.3
500.2
100.1
130.0
460.7
85.4
510.9
400.7
105.8
490.7
78.8
125.1
450.7
500.6
95.2
365.3
470.4
78.0
120.7
460.5
85.8
510.3
100.5
490.5
130.3
95.6
120.6
500.8
110.2
460.1
490.9
102.7
450.8
130.4
365.2
515.1
85.9
125.5
100.2
490.3
110.5
500.4
120.2
130.8
450.5
98.7
460.3
470.0
105.6
510.7
78.5
490.8
115.7