50.34
83.7
53.55
57.25
58.4
120.54
59.94
118.98
72.05
76.35
147.6
146.21
143.68
90.22
75.53
132.15
70.28
81.47
145.24
88.37
63.52
73.04
154.0
65.78
50
89.58
62.49
119.22
114.2
106.79
86.07
106.0
117.87
151.2
119.73
104.55
82.75
117.03
123.06
73.17
139.26
142.03
87.83
145.05
125.94
53.48
141.51
132.73
149.59
58.35
85.4
132.55
135.96
143.84
137.21
60.63
135.97
51.0
114.73
76.94
84.14
63.86
109.78
58.47
97.52
135.87
67.26
138.13
89.14
148.3
109.43
70.85
91.19
116.46
93.03
82.37
52.63
111.05
134.65
96.27
149.29
123.18
139.55
150
59.61
96.45
137.36
140.13
89.94
79.39
128.12
69.75
75.41
97.72
58.41
107.77
63.2
101.8
75.51
95.63
89.03
104.2
71.47
125.17
134.22
109.09
108.88
98.77
50
146.47
136.17
120.17
148.04
95.18
143.22
51.4
60.98
93.07
65.68
67.56
110.61
96.06
147.34
73.05
103.73
97.13
113.91
144.36
135.62
123.34
123.44
131.16
138.92
129.44
111.64
74.32
57.84
101.48
118.92
149.42
100.53
124.23
145.65
103.36
97.42
80.62
55.82
103.55
127.67
113.64
52.63
114.58
75.11
112.04
91.59
110.08
69.04
88.3
77.13
77.7
143.99
129.87
102.21
102.9
124.98
99.44
123.57
94.32
108.04
114.44
147.09
64.45
88.98
92.69
57.2
89.49
58.58
53.84
79.96
137.75
140.76
137.16
149.83
121.94
103.83
137.01
80.88
90.36
112.36
90.04
55.84
137.19
138.93
95.39
58.8
82.86
56.43
94.4
78.71
86.11
122.42
74.42
80.61
64.07
53.11
139.21
131.93
107.13
37.06
133.28
69.29
129.36
139.89
89.84
131.35
114.0
67.04
84.33
108.22
75.27
61.54
76.49
147.01
85.0
52.1
82.55
66.23
83.7
141.85
104.78
144.38
68.97
112.11
138.27
114.79
84.12
111.72
104.66
55.87
83.03
72.38
137.28
146.38
132.23
102.04
140.74
111.85
122.55
97.88
125.67
136.89
159.38
59.94
82.53
73.15
134.56
113.49
113.4
88.94
74.21
108.84
55.87
90.76
148.91
108.83
80.61
113.95
51.44
61.84
51.18
91.01
72.2
145.04
62.31
79.02
105.02
71.93
71.16
69.26
78.43
103.36
96.84
105.62
75.23
65.8
60.34
56.05
71.34
79.41
129.42
140.17
97.2
61.0
66.85
148.66
138.43
65.5
122.16
70.89
102.39
126.34
112.43
144.62
113.66
120.41
97.55
99.22
106.25
104.52
136.86
148.73
93.93
105.73
51.19
103.1
100.05
51.9
86.33
63.7
87.98
100.88
145.73
55.16
53.52
91.79
65.48
84.85
69.36
113.19
67.57
64.79
141.58
105.69
99.73
138.22
147.51
86.76
70.36
120.99
148.91
103.16
106.41
65.9
61.87
78.0
143.94
128.98
84.18
83.53
101.31
74.33
131.95
66.14
129.52
73.27
129.57
111.39
65.3
119.37
54.91
96.95
164.29
86.4
135.46
94.48
136.78
65.6
53.69
134.63
110.28
132.3
110.43
80.3
112.49
112.44
73.34
74.31
104.53
136.85
92.51
71.39
79.18
137.12
147.54
127.6
112.57
80.95
148.05
80.1
100.18
120.26
110.92
77.97
80.43
72.47
58.89
136.53
58.93
124.04
128.33
119.59
62.91
98.26
140.86
98.63
128.44
79.89
85.64
124.38
50.39
137.01
147.85
58.87
90.08
97.12
105.9
130.46
79.67
99.49
50.31
59.09
145.32
95.29
142.3
57.49
53.18
71.87
95.81
65.39
92.95
102.19
112.52
109.62
85.78
134.26
90.8
80.11
54.87
87.44
56.68
131.52
149.33
114.76
60.82
106.36
63.93
130.47
135.96
140.31
148.97
47.34
112.8
128.38
68.38
55.62
61.06
50.25
105.69
144.64
134.59
88.12
136.86
81.47
57.3
86.8
130.39
128.2
75.66
113.51
50.79
76.05
120.36
103.03
84.14
141.27
79.07
120.47
106.1
137.06
125.97
75.78
61.16
115.85
103.59
101.57
130.04
63.54
105.97
117.97
143.53
129.47
139.58
115.0
83.92
135.21
96.35
145.69
140.88
116.37
124.56
140.47
160.82
120.12
102.47
118.89
136.4
58.3
58.14
139.2
95.93
133.03
64.69
60.01
115.17
89.12
140.36
145.64
127.42
91.96
50.38
77.15
98.85
86.61
114.72
124.72
69.97
134.11
91.2
66.88
65.88
138.64
57.34
73.1
129.16
113.03
87.59
109.68
74.91
55.51
102.49
58.64
86.08
74.86
129.04
55.67
68.15
124.02
147.14
63.4
77.6
59.71
68.44
128.22
106.93
129.71
89.4
78.44
99.06
109.99
133.27
76.32
67.91
69.38
141.99
141.91
55.63
118.5
138.42
84.15
83.83
77.83
137.8
77.8
53.95
51.54
81.26
106.97
70.17
141.06
66.97
94.5
136.75
69.53
85.22
95.11
128.9
83.22
74.07
108.42
62.27
136.64
127.48
104.06
100.57
90.57
107.12
137.11
78.04
103.59
65.46
116.26
58.12
126.32
125.36
72.77
100.98
149.66
69.37
141.69
101.48
139.26
72.43
118.83
92.83
62.11
134.57
85.04
111.29
74.44
109.08
103.16
111.38
152.59
63.23
142.89
142.16
109.12
118.75
111.25
60.51
54.02
144.46
87.36
121.75
116.53
135.14
114.46
66.71
105.67
82.98
55.19
59.56
132.64
113.01
101.11
52.55
55.44
108.24
60.8
50.48
127.37
91.37
141.71
83.28
122.12
127.28
97.49
85.39
79.77
71.19
56.78
132.73
104.77
64.35
139.84
71.51
126.62
59.19
146.56
78.02
60.92
50.29
126.28
96.62
139.15
120.86
63.13
58.98
127.26
74.13
43.44
139.57
128.16
75.21
125.17
98.19
50.52
125.68
50.16
78.91
132.06
105.24
124.59
56.63
56.75
143.96
126.65
133.79
144.23
63.59
92.18
92.63
144.35
68.18
79.12
83.42
61.91
126.64
93.25
122.36
113.08
131.17
75.57
54.96
139.16
126.68
86.78
122.4
92.68
66.86
82.69
122.38
125.77
137.6
82.51
56.36
102.2
53.43
91.64
75.67
106.37
102.34
90.36
74.52
53.89
93.11
118.96
148.59
149.29
122.51
76.47
88.07
129.44
53.13
94.91
85.01
113.89
78.09
127.79
87.13
92.58
71.94
123.85
107.19
139.06
97.38
81.48
69.26
113.85
89.73
95.84
136.36
136.56
132.56
130.79
104.55
147.03
58.46
71.8
120.6
115.01
67.09
37.5
107.1
97.43
53.36
85.77
92.98
131.5
130.89
94.25
106.69
52.98
105.95
51.29
124.89
120.62
133.2
118.72
101.82
81.98
92.68
116.83
78.87
149.0
113.42
103.3
135.19
124.63
135.82
55.81
148.39
51.99
107.18
119.0
90.19
117.99
128.79
135.15
123.64
115.87
90.99
65.84
131.3
103.84
141.47
136.76
74.41
136.96
87.88
80.9
98.9
87.78
66.46
97.17
140.48
130.59
67.15
117.6
104.35
68.69
57.66
144.72
67.21
57.62
87.87
53.43
120.81
75.83
58.75
110.8
114.97
147.78
56.66
117.25
59.65
141.38
130.02
102.72
133.67
88.42
144.44
143.42
78.55
96.76
126.07
100.75
76.04
89.39
109.32
71.45
140.99
68.21
125.48
96.32
97.02
92.91
123.45
119.57
149.77
117.43
94.84
133.4
93.37
52.89
130.54
132.22
59.39
143.17
65.31
61.06
59.52
169.47
75.11
144.26
138.42
72.01
132.9
83.11
88.22
77.58
90.65
100.91
69.47
135.89
104.92
73.25
110.93
85.99
140.68
59.81
106.96
70.72
109.92
74.8
55.4
103.97
91.67
61.17
56.27
103.73
90.85
52.98
149.84
64.1
140.39
56.6
133.96
72.59
81.88
61.57
92.6
104.96
55.43
138.92
93.39
58.48
87.22
143.09
100.72
138.7
67.24
71.08
55.44
50.15
102.27
77.9
147.77
81.52
111.73
62.29
63.03
50.38
104.46
51.5
82.06
140.28
67.71
98.47
120.89
146.66
124.89
53.57
102.44
105.56
65.91
82.72
148.05
92.41
66.28
103.7
110.08
55.33
79.67
89.6
124.54
53.97
100.41
79.57
59.96
95.7
112.12
62.09
63.81
54.42
139.58
67.02
78.89
54.7
87.16
79.16
70.14
47.46
127.49
95.01
136.09
89.69
75.76
105.94
58.28
84.67
111.22
72.23
133.74
125.69
72.68
67.34
75.99
83.65
148.92